1.892864213998652E7 
2.5465571926847085E7 
2.0142571530611165E7 
3.3311630467048276E7 
3.516108928081554E7 
3.578573291881672E7 
3.521536788014391E7 
3.342281996628883E7 
9.03166619077654E7 
2.571385736567063E7 
1.927235760446915E7 
1.0350675386751784E7 
299061.1105269068 
9391144.191759985 
1.857983700143744E7 
2.5213526542215887E7 
8.9965415929205496E7 
3.319775011428676E7 
3.510430877638526E7 
7.578328987865101E7 
3.526714776990498E7 
3.3531326316324227E7 
2.0487702820402037E7 
2.595841505535055E7 
9.9611051200932838E7 
1.082043658986345E7 
440850.6687833355 
8903397.122432236 
9.822724809272935E7 
2.4958680215568863E7 
2.9785880406754363E7